function [ xCords, yCords] = arrays()
    xCords = [ -1.0000, -.8667, -.7333, -.6000, -.4667, -.3333, -.2000, ...
    -.0667, .0667, .2000, .3333, .4667, .6000, .7333, .8667, 1.0000] ;
    yCords = [ 2.0000000, -.3130942, -0.9549403 , -1.1840011,        ... 
    -1.2420217 , -1.2222616, -1.1600514 , -1.0622224, -0.9288891, ...
    -0.7602046 , -0.5609806, -0.3624570, -0.2565015, -0.3013486, ...
    0.2751023, 6.0000000
    ] ;
% xCords = [0 2 3 4 5  ]  ;
% yCords = [2 14 74 242 602 ] ;
% xCords = [1 4 6  ]  ;
% yCords = [0 1.386294 1.791759 ] ;
end