function [x, y] = testPoints()  
    x = [-2.6928 0.0000 3.5904] ;
    y = [-0.4338837 0.0000000 -0.4338837] ;
end