function [ x, y ] = testPoints_022()
x = [ -0.9333 ,  -0.7778 ,-0.5556 ,  -0.3333, -0.1111, 0.1111, 0.3333, 0.5556, 0.7778, 1]  ;
y = [  .4362302 , -.8094269, -1.2162327, -1.2222616, -1.0987679, -.8765482, -.5609806, -.2737149,  -.2781108 , 6.0000000] ;
end