function [x, y] = trainingPoints()
    x = [ -3.1416 -2.2440 -1.3464 -0.4488 0.4488 1.3464 2.2440 3.1416 ] ;
    y = [-0.0000000 -0.7818315 -0.9749279 -0.4338837 0.4338837 0.9749279 0.7818315 0.0000000 ] ;
end

